MPI method
Answer: [0.99999998244713439, -0.9999999941270159, 1.0000000224998336]
Steps: 56
Time: 0.0014
Accuracy: 0.00000006828239

MNS method
Answer: [1.0000000024420628, -1.0000000011518733, 0.99999999409987617]
Steps: 30
Time: 0.002858
Accuracy: 0.00000227456929

